64

15115515 16,19. 20, 27.

uterus 3, 8. 21,14.

11111

111115 20,13.

11111155 28, 4.

51111

utrum = 51115 27, 4.

uxor 1,5. 9, 21. 10, 5 sqq. 12,4.x
15111111
111115551111.

uxorium 1151151129,19.

1155515 militia 15, 3.

151515 15,17. 19,12.

valetudo 35,19.

vallum 7, 21.

15115 19,17.

151515 36,13.

velificare 18, 22.

velle: 15115, 15115 26, 7. 30, 19.

1515115 14, 8. 14, 30. 111155
w

vendere 6,11.

15151155 12,10.

veneficium 11255. 13,12.
1111

venenum 12, 10. 12, 14. 12,
111ω11111
15

venia 15, 10. 21, 10. 23, 11.
1111

Ι1511111111

1111115 5, 27. 6,1. 7, 1. 7, 23.
11111111-
mmm

verber 5, 4.

verba facere 25, 18.

1515 36, 7.

verecundia 18, 20.

verecundus 18,17. 28, 8.

vereri 41⁷. 17, 24.

Verginius 3, 25.

verus: verum 1115515 9, 7. 9,17.
151151 55151 20,14.

151115 dictum 28, 9.

Π, Index verborum.

vicarius 22, 21. 23, 19. 23, 23.

11111115 2,14.

11111111

Ᾰᾎ1111115

1ᾒέ11151511
Μ5151111
36,17 passim.

vilis 22, 13.

mmmmmmmm.,

11111115
1115115 29, 5,
vinculum 4,19. 28, 23. 28, 25. ,
1111115515 3, 20. 8, 1. 13, 9. ζ
11111115 *
vindicta 21,12. 31, 3. ,
1111, 7. 3, 22. vir gladiator ;
38,18. vir 151115 5. fortis. 1
virginitas 33-,19 ;
virgo 16, 7. 31, 2215. 32, 7. ’
1111111
111115 3, 20. 24, 13. 28, 6.
1111
virus 13, 11. ;
11111111111. 1
115515 3, 7. 1
111111111.

111111111 ,
vitium 3,1. sanguinis 3, 8. .
111515 8, 12. 18, 27. 25, 6. r

151111
1111111216.
voluntarius 33, 8. 84, 26.

1511115115 mors 18, 16. 30,

111 ;
15111155 13, 3. 13,16. 3114. 1
voluptas formarum 2,18.
11111115
151515 22,12.

151319.
vulgus 38, 21.
vulnus 2416.
11111115 2,12.

...ἠ-

 

