H. Index 1616611111. 63

supra 7, 6.
61661661661161137,13. filium
1661616661661. finum
ex 61616 26,18. vota 24, 20.
6116666616 13,18. 26, 7. 83, 8.
6166616616 66 8, 18. 10, 6.
suspicari 6, 23. 12, 23. 20,23.
auspicio 3, 3.
sustinere 16,10. 18, 27.

Tmoemmmmmm
666661

tacitus 17, 22.

talio 9, 4. 33,13, 33,16.

tamen: 61 tamon = 61666666
1666

tantisper 22, 26.

tantummodo 3, 23.

666616 3618.

6611111613.

6611616 29,16.

ammmmi

temptare 20,12.

661616616116116
16666666
66666666
116 tempore 29,18.

tenebrae 4,13.

tener 23, 27.

cmmmmmmmm
616666 oculos 5, 6. 661111
6111111111 alqm. 11,17.

661116 4, 23. 14, 28.

tenuare 11, 3.

,661 8, 16666. 16, 2666. 36, 24.

6611616 17, 27.

6666616 14, 26.

6111616 6, 11. 7, 7. 8, 26. 10, 26.
66666661

666666

tingere 2,13. 4, 7.

togam 1116616 lorica 37, 6.

tolerabilis 13, 6.

66161616 36, 1.

, 6611616 vitam 22, 22. liberos

31, 6. 61611 11611661136, 24.

tormentum 4,18. 30,19.

66161616 7, 20666, 12, 8.
616666

661661 8, 4.. 8, 6.

661666

tractatio mala 37,14.

tradere 22, 4. 3216.

61611616 4,14.

transferre imperium 37,1.
in contrarium 18, 11.

transigere 36, 1.

transire 2, 9.

166666666,
66661

61161116 militaris 3, 17 666.
papali 16, 23. 2619666. 28,
66666

tricesimus 6166 23, 4.

66666

,triumphalis 616666.

triumphare 8, 24. 38, 26.

616114,1.

Τ111161111 16611 6,1.

turpis 18, 26.

61616623,

tyrannicida 1, 6. 12, 2266.
19, 2766.

tyrannicidium 1, 7. 18, 1.
66

tyrannis 6, 17 666. 11, 12.

tyrannus 1, 6666, 7,14. 12,
23666. 19,29. 31,9666. 34,10.

Ubicumque 3, 20.
1161661 33, 22.
11611116 11, 2.
11616 13, 8.
ultra 34, 3.
11616 22, 6.
111616 613. 4, 23.
116 661166162613. nuum non
666 = idem 17, 3.
11616 8, 6.
urgere 11, 20.
usura 24, 8.

 

